2.26039, -1.21953, 399.524
2.27371, -1.21953, 400.123
2.28607, -1.21953, 400.643
2.29736, -1.21954, 401.086
2.30747, -1.21953, 401.452
4.00577, -1.21946, 687.607
4.03347, -1.21946, 691.851
4.08884, -1.21946, 700.281
4.11649, -1.21945, 704.467
7.63653, -1.21947, 1189.06
7.71413, -1.21947, 1198.89
7.79157, -1.21948, 1208.64
7.83023, -1.21948, 1213.49
7.86885, -1.21948, 1218.32
7.94597, -1.21947, 1227.92
8.02293, -1.21947, 1237.43
8.09971, -1.21947, 1246.88
8.13804, -1.21947, 1251.57
8.21457, -1.21947, 1260.89
12.5595, -1.5, 1793.44
12.6429, -1.50001, 1803.26
12.6839, -1.50003, 1808.14
12.7657, -1.50006, 1817.85
12.848, -1.50006, 1827.48
12.9302, -1.50006, 1837.03
13.0122, -1.50006, 1846.5
13.0942, -1.50006, 1855.9
13.1761, -1.50006, 1865.21
13.2169, -1.50006, 1869.84
18.0224, -1.49989, 2375.73
18.119, -1.49991, 2385.77
18.2138, -1.4999, 2395.74
18.3084, -1.4999, 2405.63
18.4028, -1.4999, 2415.44
18.4962, -1.4999, 2425.17
18.5882, -1.49996, 2434.82
18.6345, -1.49996, 2439.62
18.6807, -1.49996, 2444.4
18.773, -1.49996, 2453.9
18.8651, -1.49996, 2463.32
20.5465, 168.399, 3115.34
20.4899, 171.941, 3124.06
20.4354, 175.484, 3132.78
20.3828, 179.028, 3141.5
20.3321, 182.573, 3150.23
20.2834, 186.119, 3158.96
20.237, 189.994, 3167.06
20.2118, 193.972, 3174.99
20.1882, 197.917, 3183.03
20.1589, 401.313, 3540.03
20.1695, 405.793, 3548.35
20.18, 410.218, 3556.77
20.1905, 414.586, 3565.29
20.2008, 418.895, 3573.91
20.2111, 423.144, 3582.61
20.2213, 427.33, 3591.41
20.2263, 429.405, 3595.85
20.2364, 433.518, 3604.82
20.2464, 437.563, 3613.88
20.2514, 439.565, 3618.44
20.2613, 443.528, 3627.66
20.6839, 515.178, 4157.67
20.6871, 514.391, 4162.72
20.6902, 513.576, 4167.76
20.6965, 511.863, 4177.86
20.7028, 510.039, 4187.96
20.709, 508.103, 4198.05
20.7152, 506.057, 4208.15
20.7213, 503.899, 4218.24
20.7274, 501.63, 4228.34
20.7334, 499.251, 4238.43
19.0573, 471.5, 4426.97
18.9289, 471.5, 4433.57
18.8044, 471.5, 4440.1
18.6835, 471.5, 4446.54
18.5664, 471.5, 4452.91
18.4528, 471.5, 4459.2
18.3427, 471.5, 4465.42
15.8632, 471.5, 4681.14
15.7878, 471.5, 4690.25
15.7135, 471.5, 4699.41
15.6402, 471.5, 4708.62
15.568, 471.5, 4717.88
14.0881, 471.5, 4955.33
14.0383, 471.5, 4965.28
13.9896, 471.5, 4975.16
13.9422, 471.5, 4984.96
13.8959, 471.5, 4994.68
13.1697, 471.167, 5160.76
12.2919, 471.166, 5381.91
12.2726, 471.145, 5387.68
12.263, 471.116, 5390.55
12.2535, 471.07, 5393.42
12.2345, 470.915, 5399.13
11.5233, 407.149, 5594.78
11.508, 405.761, 5599.54
11.4938, 404.385, 5604.27
11.4805, 403.021, 5608.95
11.4682, 401.669, 5613.58
11.4568, 400.33, 5618.18
11.2355, 352.57, 5745.6
11.2273, 349.874, 5749.43
11.2191, 347.066, 5753.27
11.2107, 344.148, 5757.1
11.2021, 341.118, 5760.93
11.1933, 337.977, 5764.77
10.6695, 272.607, 5869.51
10.6583, 271.611, 5871.23
10.6366, 269.624, 5874.67
10.6163, 267.642, 5878.1
10.5971, 265.667, 5881.52
10.5791, 263.697, 5884.92
10.5623, 261.733, 5888.32
10.5465, 259.775, 5891.71
9.90085, 163.403, 6082.82
9.87469, 161.682, 6087.06
9.84878, 159.939, 6091.35
9.79785, 156.415, 6100.02
9.74822, 152.858, 6108.78
8.90248, 77.5383, 6296.23
8.86989, 74.7006, 6305.25
8.8368, 71.8746, 6314.23
8.80332, 69.0603, 6323.18
8.76952, 66.2576, 6332.08
8.73548, 63.4666, 6340.94
7.76207, 25.4096, 6507.42
7.71377, 23.2684, 6516.82
7.66735, 21.1388, 6526.17
7.62261, 19.0205, 6535.47
7.57955, 16.9137, 6544.72
7.55862, 15.8644, 6549.33
7.53809, 14.8181, 6553.92
6.92925, -1.94561, 6729.6
6.90733, -1.94562, 6738.52
6.88666, -1.94562, 6747.36
6.87679, -1.94561, 6751.75
6.85533, -1.94553, 6760.48
6.84444, -1.94552, 6764.81
6.53356, -1.94559, 6892.63
6.51923, -1.94555, 6901.66
6.50582, -1.94556, 6910.75
6.49233, -1.94559, 6919.89
6.47805, -1.94561, 6929.09
6.46386, -1.94554, 6938.33
6.44973, -1.94548, 6947.63
6.43441, -1.95561, 6956.97
6.28921, -2.00007, 7120.03
6.28854, -2.00007, 7129.25
6.28851, -2.00006, 7138.52
6.28913, -2.00006, 7147.83
6.29039, -2.00007, 7157.19
6.29227, -2.00006, 7166.59
6.29477, -2.00006, 7176.03
6.29788, -2.00006, 7185.51
6.41109, -2.00006, 7318.99
6.42303, -2.00006, 7328.29
6.43546, -2.00006, 7337.63
6.44835, -2.00006, 7347.02
6.46164, -1.9998, 7356.45
4.4808, -2.00006, 7666.41
4.36689, -2.00006, 7672.95
4.25675, -2.00006, 7679.4
4.15031, -2.00006, 7685.77
4.04749, -2.00006, 7692.07
3.94819, -2.00006, 7698.29
-1.36227, -1.99999, 7871
-1.89461, -2, 7879.35
-2.47366, -2, 7887.74
-3.07619, -2, 7896.21
-11.0437, -1.99993, 7988.77
-12.1151, -2, 7997.64
-13.257, -2.00001, 8006.5
-14.4707, -2.00001, 8015.34
-15.7584, -2, 8024.15
-17.1228, -2, 8032.94
-37.176, -1.99999, 8130.22
-39.5426, -2.00001, 8138.89
-42.0156, -1.99998, 8147.5
-85.9974, -1.99999, 8260.21
-89.8545, -2.00001, 8269
-93.7362, -2, 8277.78
-95.7261, -2, 8282.18
-130.795, -2, 8352.03
-135.662, -2, 8360.52
-140.6, -1.99998, 8368.88
-145.61, -1.99993, 8377.11
-148.155, -1.99997, 8381.2
-207.127, -2.00002, 8462.75
-213.224, -2, 8469.99
-216.315, -2, 8473.56
-222.579, -2, 8480.63
-228.911, -2, 8487.56
-235.322, -2, 8494.38
-319.284, -2, 8572.89
-326.694, -1.99989, 8578.95
-330.425, -1.99994, 8581.93
-337.936, -2.00001, 8587.81
-345.477, -2, 8593.55
-353.049, -2, 8599.16
-415.866, -2.00001, 8640.03
-424.217, -2, 8644.7
-428.414, -2, 8646.98
-432.645, -2, 8649.22
-530.052, -2, 8693.46
-539.254, -2.00001, 8697.03
-548.501, -2.00001, 8700.54
-553.156, -2.00001, 8702.27
-562.464, -1.99999, 8705.61
-571.739, -1.99991, 8708.81
-665.577, -1.99999, 8736.08
-675.062, -2.00001, 8738.39
-684.503, -2, 8740.58
-693.902, -1.99977, 8742.64
-703.262, -1.99997, 8744.58
-787.775, -2.00007, 8758.07
-792.572, -2.00004, 8758.69
-797.383, -2.00001, 8759.28
-802.207, -2, 8759.83
-807.043, -2.00001, 8760.36
-816.698, -2, 8761.32
-922.601, -2.00003, 8766.87
-932.266, -2.00002, 8767.01
-941.869, -2, 8767.04
-951.41, -2.00001, 8766.96
-1050.44, -2.00002, 8760.19
-1059.83, -2.00002, 8759.01
-1069.15, -2.00003, 8757.73
-1078.41, -2.00001, 8756.33
-1083.03, -2, 8755.59
-1092.24, -2.00001, 8754.01
-1191.79, -2.00002, 8729.88
-1200.7, -2.00002, 8727.08
-1209.52, -2.00002, 8724.18
-1218.26, -2.00002, 8721.16
-1226.91, -2, 8718.04
-1316.09, -2.00005, 8678.82
-1320.38, -2.00003, 8676.63
-1324.67, -2.00003, 8674.39
-1328.95, -2.00003, 8672.11
-1333.22, -2.00003, 8669.8
-1420.99, -2, 8616.24
-1429.14, -2, 8610.76
-1437.17, -2, 8605.23
-1445.07, -2.00002, 8599.64
-1452.85, -2.00003, 8593.99
-1521.62, -1.99999, 8540.58
-1525.36, -2, 8537.45
-1529.08, -2, 8534.29
-1536.44, -2, 8527.92
-1543.68, -2, 8521.51
-1550.79, -2, 8515.07
-1623.43, -2, 8440.59
-1626.57, -2.00001, 8437.01
-1629.7, -2.00003, 8433.39
-1632.81, -2.00005, 8429.73
-1638.94, -1.99996, 8422.38
-1644.93, -1.99997, 8415
-1684.84, -2.00006, 8360.66
-1690.41, -1.99999, 8352.45
-1695.83, -2.00002, 8344.23
-1701.1, -2, 8336.01
-1706.24, -2, 8327.79
-1708.76, -2, 8323.66
-1713.71, -2, 8315.38
-1752.4, -2.00003, 8243.01
-1756.5, -2.00002, 8234.37
-1760.46, -2.00002, 8225.74
-1764.3, -2.00001, 8217.11
-1768, -2.00001, 8208.49
-1788.91, -2, 8152.03
-1791.59, -1.99999, 8143.32
-1792.87, -2.00002, 8138.95
-1794.11, -2.00003, 8134.53
-1795.32, -2.00003, 8130.05
-1809.9, -2.00002, 8055.48
-1810.4, -2.00001, 8050.72
-1811.25, -2.00001, 8041.19
-1811.59, -2, 8036.42
-1807.55, -2.00002, 7949.66
-1806, -2.00003, 7939.89
-1804.3, -1.99992, 7930.14
-1802.45, -2, 7920.41
-1779.92, -2.00003, 7832.83
-1778.42, -2.00002, 7827.87
-1776.89, -2.00003, 7822.9
-1775.36, -2.00003, 7817.92
-1773.83, -2.00003, 7812.94
-1741.56, -2.00002, 7687.56
-1740.75, -2.00001, 7682.78
-1740.01, -2.00001, 7677.95
-1738.65, -2.00001, 7668.2
-1733.21, -2.00001, 7539.69
-1733.49, -2.00001, 7529.77
-1733.85, -2.00002, 7519.86
-1734.06, -2.00001, 7514.89
-1734.31, -2.00001, 7509.88
-1746.26, -2, 7394.8
-1747.95, -2, 7384.73
-1749.63, -2, 7374.7
-1751.3, -2.00001, 7364.71
-1752.95, -2.00002, 7354.76
-1754.59, -2.00002, 7344.84
-1766.83, -2.00002, 7275.39
-1768.73, -2.00002, 7265.47
-1770.58, -2.00002, 7255.6
-1772.38, -2.00002, 7245.77
-1774.14, -2.00002, 7235.98
-1791.63, -2.00002, 7143.54
-1793.31, -2.00002, 7133.94
-1794.93, -2.00002, 7124.38
-1796.53, -2.00002, 7114.84
-1798.17, -2.00002, 7105.29
-1809.85, -2.00005, 7042.4
-1810.84, -2.00006, 7037.45
-1811.83, -2.00006, 7032.49
-1812.84, -2.00006, 7027.5
-1832.1, -2.00002, 6937.87
-1833.22, -2.00017, 6932.89
-1835.49, -2.01561, 6922.91
-1836.64, -2.04716, 6917.9
-1852.29, -2.50006, 6852.05
-1853.54, -2.5, 6846.95
-1854.8, -2.5, 6841.84
-1856.07, -2.5, 6836.72
-1875.5, -2.49999, 6760.05
-1876.82, -2.49999, 6754.93
-1879.48, -2.50006, 6744.7
-1879.48, -2.50006, 6744.7
-1882.16, -2.49999, 6734.44
-1884.84, -2.50005, 6724.21
-1887.54, -2.50001, 6714.02
-1930.61, -2.50001, 6579.77
-1934.02, -2.5, 6570.6
-1937.5, -2.50001, 6561.53
-1937.5, -2.50001, 6561.53
-1942.89, -2.5, 6547.99
-1946.56, -2.5, 6539.1
-2001.76, -2.5, 6428.78
-2006.6, -2.49999, 6420.65
-2011.53, -2.49999, 6412.65
-2016.53, -2.5, 6404.75
-2021.62, -2.50002, 6396.97
-2026.79, -2.50001, 6389.3
-2112.1, -2.50001, 6285.77
-2115.33, -2.5, 6282.53
-2118.61, -2.5, 6279.31
-2121.92, -2.50002, 6276.1
-2207.51, -2.50001, 6203.34
-2214.97, -2.50001, 6197.9
-2222.46, -2.5, 6192.59
-2229.99, -2.5, 6187.4
-2237.56, -2.5, 6182.33
-2308.86, -2.49998, 6139.79
-2316.99, -2.50003, 6135.59
-2325.15, -2.50001, 6131.52
-2333.33, -2.50006, 6127.59
-2337.45, -2.50003, 6125.67
-2345.75, -2.49999, 6121.92
-2439.43, -2.50001, 6088.47
-2448.36, -2.50001, 6085.95
-2457.35, -2.5, 6083.53
-2466.32, -2.5, 6081.25
-2475.27, -2.5, 6079.11
-2484.22, -2.49999, 6077.1
-2571.53, -2.5, 6062.18
-2580.89, -2.5, 6060.99
-2590.21, -2.5, 6059.92
-2599.5, -2.5, 6058.96
-2608.75, -2.5, 6058.12
-2617.97, -2.49999, 6057.4
-2627.16, -2.49999, 6056.79
-2719.01, -2.5, 6057.08
-2728.34, -2.5, 6057.79
-2733, -2.5, 6058.2
-2742.29, -2.5, 6059.13
-2746.94, -2.5, 6059.65
-2751.59, -2.5, 6060.21
-2760.88, -2.49999, 6061.45
-2852.64, -2.50001, 6080.82
-2861.87, -2.5, 6083.42
-2871.09, -2.50001, 6086.12
-2880.33, -2.50001, 6088.92
-2889.56, -2.5, 6091.82
-2898.79, -2.5, 6094.81
-2908.02, -2.50003, 6097.89
-2996.41, -2.5, 6134.05
-3000.72, -2.5, 6136.14
-3005.04, -2.50001, 6138.26
-3009.39, -2.50001, 6140.43
-3018.11, -2.5, 6144.83
-3123.45, -2.5, 6208.63
-3131.28, -2.50001, 6214.05
-3139.09, -2.50002, 6219.53
-3146.88, -2.5, 6225.08
-3154.55, -2.49999, 6230.69
-3195.34, -2.5, 6263.17
-3198.97, -2.5, 6266.3
-3202.59, -2.5, 6269.46
-3206.19, -2.5, 6272.66
-3209.78, -2.5, 6275.89
-3213.36, -2.50006, 6279.15
-3220.43, -2.49998, 6285.71
-3227.37, -2.49999, 6292.32
-3310.32, -2.49997, 6385.46
-3313.39, -2.49999, 6389.44
-3316.44, -2.49999, 6393.45
-3322.53, -2.49999, 6401.55
-3328.56, -2.50002, 6409.69
-3334.53, -2.5, 6417.88
-3397.07, -2.5, 6510.46
-3402.48, -2.5, 6519.07
-3407.83, -2.5, 6527.7
-3413.03, -2.5, 6536.31
-3415.58, -2.5, 6540.61
-3418.11, -2.5, 6544.94
-3465.17, -2.49999, 6640.31
-3468.6, -2.49998, 6648.96
-3471.87, -2.5, 6657.63
-3474.98, -2.5, 6666.31
-3477.92, -2.5, 6675
-3480.68, -2.5, 6683.7
-3497.37, -2.5, 6786.91
-3497.55, -2.5, 6796.27
-3497.58, -2.5, 6805.67
-3497.52, -2.5, 6810.4
-3497.39, -2.5, 6815.18
-3497.2, -2.5, 6820
-3496.95, -2.49999, 6824.86
-3482.67, -2.5, 6944.1
-3481.21, -2.50001, 6953.93
-3479.81, -2.5, 6963.73
-3478.46, -2.5, 6973.5
-3477.15, -2.50002, 6983.24
-3470.18, -2.50002, 7037.01
-3469.55, -2.50002, 7041.99
-3468.34, -2.50002, 7051.91
-3467.23, -2.50002, 7061.77
-3466.2, -2.50002, 7071.57
-3465.27, -2.50002, 7081.31
-3464.45, -2.50002, 7090.99
-3461.02, -2.50002, 7177.71
-3461.08, -2.50003, 7187.57
-3461.14, -2.50003, 7197.4
-3461.18, -2.50003, 7207.21
-3461.23, -2.50002, 7216.98
-3461.26, -2.50003, 7226.74
-3461.34, -2.50006, 7342.88
-3461.47, -2.49976, 7352.65
-3461.62, -2.49972, 7362.45
-3461.79, -2.49979, 7372.27
-3461.98, -2.49999, 7382.1
-3462.19, -2.49999, 7391.96
-3462.41, -2.49999, 7401.82
-3462.66, -2.50002, 7411.71
-3466.44, -2.50002, 7540.55
-3466.63, -2.50006, 7550.39
-3466.84, -2.50006, 7560.24
-3467.05, -2.50007, 7570.11
-3467.28, -2.50006, 7579.99
-3471.53, -2.50006, 7719.62
-3471.84, -2.50003, 7729.68
-3472.09, -2.50002, 7739.68
-3475.18, -2.50006, 8008.64
-3475.12, -2.50006, 8018.62
-3475.05, -2.50006, 8028.6
-3474.99, -2.50006, 8038.6
-3474.93, -2.50006, 8048.6
-3474.86, -2.50006, 8058.61
-3474.8, -2.50006, 8068.64
-3475.65, -2.50006, 8188.06
-3475.74, -2.50007, 8198.06
-3475.84, -2.50006, 8208.06
-3475.93, -2.50006, 8218.07
-3476.02, -2.50006, 8228.09
-3476.11, -2.50006, 8238.12
-3476.19, -2.50006, 8248.15
-3477.16, -2.49999, 8369.02
-3477.23, -2.50001, 8379.12
-3477.31, -2.50001, 8389.23
-3477.38, -2.5, 8399.34
-3477.42, -2.5, 8404.4
-3477.45, -2.50001, 8409.49
-3477.53, -2.50002, 8419.68
-3476.24, -2.50006, 8529.96
-3476.05, -2.50006, 8539.97
-3475.87, -2.50006, 8550
-3475.68, -2.50006, 8560.02
-3475.5, -2.50006, 8570.06
-3473.58, -2.50006, 8690.62
-3473.46, -2.50006, 8700.66
-3473.35, -2.50006, 8710.7
-3473.23, -2.50006, 8720.75
-3473.11, -2.50006, 8730.8
-3471.73, -2.6627, 8841.84
-3471.6, -2.66266, 8851.95
-3471.46, -2.66266, 8862.06
-3471.33, -2.66265, 8872.17
-3471.19, -2.66266, 8882.28
-3469.75, -2.66265, 8983.55
-3469.59, -2.66265, 8993.69
-3469.44, -2.66265, 9003.83
-3469.29, -2.66265, 9013.97
-3469.14, -2.66265, 9024.12
-3468.98, -2.66265, 9034.26
-3468.83, -2.66265, 9044.41
-3468.67, -2.66265, 9054.55
-3467.46, -2.66264, 9130.83
-3467.3, -2.66264, 9141.02
-3467.13, -2.66264, 9151.2
-3466.96, -2.66264, 9161.39
-3466.8, -2.66264, 9171.57
-3466.63, -2.66264, 9181.75
-3466.46, -2.66264, 9191.93
-3466.29, -2.66264, 9202.11
-3464.73, -2.66263, 9293.89
-3464.56, -2.66263, 9304.13
-3464.4, -2.6626, 9314.34
-3464.33, -2.66259, 9324.47
-3464.33, -2.66259, 9334.54
-3464.33, -2.66263, 9344.61
-3464.14, -2.66263, 9455.68
-3464.13, -2.66259, 9465.78
-3464.21, -2.66258, 9475.79
-3464.37, -2.66258, 9485.73
-3464.61, -2.66258, 9495.6
-3464.92, -2.66258, 9505.42
-3467.97, -2.66262, 9604.45
-3468.28, -2.66261, 9614.42
-3468.58, -2.66261, 9624.4
-3468.89, -2.66262, 9634.39
-3469.2, -2.66261, 9644.39
-3469.51, -2.66261, 9654.4
-3469.81, -2.66261, 9664.42
-3472.59, -2.6626, 9754.86
-3472.9, -2.66261, 9764.94
-3473.21, -2.6626, 9775.02
-3473.52, -2.6626, 9785.11
-3473.85, -2.66257, 9795.18
-3474.26, -2.66256, 9805.16
-3479.86, -2.6626, 9924.98
-3480.32, -2.6626, 9935.01
-3480.78, -2.66259, 9945.06
-3481.23, -2.66259, 9955.11
-3485.52, -2.66259, 10050.9
-3485.97, -2.66259, 10061
-3486.41, -2.66259, 10071.1
-3486.86, -2.66259, 10081.3
-3487.3, -2.66259, 10091.4
-3490.39, -2.66258, 10162.4
-3490.39, -2.66258, 10162.4
-3490.83, -2.66258, 10172.6
-3491.05, -2.66258, 10177.8
-3491.49, -2.66258, 10188
-3491.93, -2.66258, 10198.3
-3495.83, -2.66258, 10290.3
-3496.26, -2.66258, 10300.6
-3496.69, -2.66258, 10310.8
-3496.91, -2.66258, 10315.9
-3497.34, -2.66258, 10326.1
-3497.77, -2.66258, 10336.4
-3501.14, -2.66257, 10458.1
-3501.35, -2.66257, 10468.2
-3501.57, -2.66256, 10478.4
-3501.78, -2.66256, 10488.5
-3501.96, -2.66253, 10498.6
-3501.26, -2.66256, 10587.6
-3501.13, -2.66256, 10597.5
-3500.99, -2.66256, 10607.4
-3500.85, -2.66256, 10617.4
-3500.72, -2.66256, 10627.3
-3497.91, -2.66229, 10726.1
-3497.28, -2.66228, 10735.7
-3496.64, -2.66233, 10745.3
-3495.99, -2.66249, 10755
-3495.33, -2.66248, 10764.7
-3490.36, -2.66248, 10833.3
-3489.61, -2.66248, 10843.2
-3488.85, -2.66248, 10853.2
-3488.09, -2.66249, 10863.1
-3482.08, -2.66253, 10938.4
-3481.65, -2.66253, 10943.5
-3481.23, -2.66254, 10948.6
-3480.37, -2.66254, 10958.9
-3479.49, -2.6625, 10969.1
-3470.79, -2.66253, 11049.2
-3469.64, -2.66253, 11059.3
-3468.48, -2.66253, 11069.5
-3467.32, -2.66253, 11079.6
-3466.16, -2.66253, 11089.7
-3464.99, -2.66253, 11099.9
-3455.79, -2.66253, 11170.5
-3454.42, -2.66252, 11180.7
-3453.05, -2.66253, 11190.8
-3451.69, -2.66252, 11201
-3450.32, -2.66252, 11211.1
-3436.55, -2.66252, 11312.4
-3435.17, -2.66252, 11322.5
-3433.78, -2.66251, 11332.6
-3432.4, -2.66252, 11342.8
-3431.01, -2.66251, 11352.9
-3429.62, -2.66251, 11363
-3421.91, -2.66251, 11423.7
-3420.72, -2.66251, 11433.9
-3419.53, -2.66251, 11444.1
-3418.33, -2.66251, 11454.3
-3417.13, -2.66251, 11464.5
-3415.96, -2.66248, 11474.6
-3414.88, -2.66247, 11484.7
-3410.11, -2.6625, 11535.4
-3409.63, -2.6625, 11540.6
-3408.67, -2.6625, 11550.9
-3408.19, -2.6625, 11556
-3407.22, -2.6625, 11566.3
-3398.59, -2.66249, 11697
-3397.99, -2.6625, 11707
-3397.39, -2.66249, 11717.1
-3396.79, -2.66249, 11727.1
-3396.19, -2.66249, 11737.2
-3395.59, -2.66249, 11747.3
-3390.18, -2.66249, 11838
-3389.58, -2.66249, 11848.1
-3388.98, -2.66249, 11858.2
-3388.38, -2.66248, 11868.3
-3387.78, -2.66249, 11878.4
-3387.2, -2.66245, 11888.5
-3383.3, -2.66248, 11978.6
-3382.86, -2.66248, 11988.7
-3382.42, -2.66247, 11998.8
-3381.98, -2.66248, 12008.9
-3381.53, -2.66248, 12019
-3381.09, -2.66248, 12029.1
-3380.65, -2.66248, 12039.3
-3377.59, -2.66247, 12149.2
-3377.39, -2.66247, 12159.1
-3377.19, -2.66247, 12169.1
-3376.98, -2.66247, 12179.1
-3376.78, -2.66247, 12189.1
-3376.58, -2.6549, 12199.1
-3374.86, -2.65004, 12319.7
-3374.89, -2.65006, 12329.6
-3374.93, -2.65006, 12339.5
-3374.96, -2.65006, 12349.5
-3374.99, -2.65006, 12359.4
-3375.02, -2.65006, 12369.4
-3375.83, -2.64989, 12479.1
-3376.2, -2.64981, 12488.8
-3376.62, -2.64978, 12498.5
-3376.84, -2.64996, 12503.4
-3377.05, -2.64999, 12508.3
-3377.27, -2.65, 12513.2
-3377.49, -2.65, 12518.2
-3377.72, -2.65, 12523.2
-3382.72, -2.65002, 12623.7
-3383.45, -2.65002, 12633.5
-3384.18, -2.65004, 12643.4
-3384.91, -2.65006, 12653.3
-3394.48, -2.65002, 12773.5
-3395.48, -2.65002, 12783.4
-3396.49, -2.65006, 12793.3
-3397.5, -2.65006, 12803.3
-3398.5, -2.65006, 12813.2
-3399.52, -2.65006, 12823.2
-3400.53, -2.65006, 12833.2
-3413.47, -2.65006, 12941.4
-3414.81, -2.65006, 12951.1
-3415.48, -2.65006, 12956
-3416.83, -2.65006, 12965.8
-3418.18, -2.65006, 12975.7
-3419.53, -2.65006, 12985.5
-3420.89, -2.65006, 12995.4
-3422.25, -2.65006, 13005.3
-3435.52, -2.65006, 13093.4
-3437.12, -2.65006, 13103.1
-3438.72, -2.65006, 13112.8
-3440.33, -2.65004, 13122.6
-3441.94, -2.64993, 13132.3
-3459.65, -2.65, 13234.7
-3460.61, -2.65, 13239.5
-3461.59, -2.65, 13244.4
-3463.55, -2.65, 13254
-3465.52, -2.65, 13263.7
-3480.01, -2.65002, 13331.9
-3482.33, -2.65002, 13341.6
-3484.72, -2.65002, 13351.2
-3487.11, -2.65002, 13360.8
-3488.31, -2.65003, 13365.7
-3510.58, -2.65006, 13453.3
-3513.12, -2.65007, 13463.1
-3515.66, -2.64998, 13472.9
-3518.21, -2.64997, 13482.7
-3520.77, -2.64998, 13492.5
-3546.78, -2.64999, 13590.5
-3549.42, -2.65005, 13600.3
-3552.06, -2.65002, 13610.1
-3554.71, -2.65, 13619.9
-3557.37, -2.65001, 13629.7
-3584.23, -2.65, 13727.6
-3586.94, -2.65, 13737.4
-3589.66, -2.65001, 13747.2
-3592.39, -2.65, 13757
-3595.11, -2.64999, 13766.8
-3597.84, -2.64999, 13776.6
-3625.26, -2.64999, 13874.5
-3628.02, -2.65, 13884.2
-3630.78, -2.64999, 13894
-3633.54, -2.65, 13903.8
-3647.37, -2.65008, 13952.7
-3650.14, -2.65007, 13962.5
-3652.91, -2.65007, 13972.3
-3654.3, -2.65007, 13977.2
-3661.33, -2.65008, 14001.9
-3662.75, -2.65002, 14006.9
-3664.17, -2.65, 14011.9
-3667.02, -2.65001, 14022
-3695.36, -2.65, 14125.9
-3696.63, -2.65003, 14130.8
-3699.18, -2.65006, 14140.7
-3701.73, -2.65006, 14150.5
-3704.28, -2.65006, 14160.4
-3706.83, -2.65006, 14170.2
-3732.36, -2.64997, 14268.7
-3734.92, -2.64995, 14278.5
-3737.48, -2.64995, 14288.4
-3740.04, -2.64993, 14298.2
-3742.61, -2.65, 14308.1
-3764.98, -2.6499, 14396.3
-3767.12, -2.64989, 14405.9
-3768.15, -2.64989, 14410.7
-3770.16, -2.6499, 14420.3
-3771.13, -2.64992, 14425.1
-3788.77, -2.6499, 14535.9
-3789.95, -2.6499, 14545.6
-3791.01, -2.6499, 14555.2
-3791.97, -2.6499, 14564.7
-3795.5, -2.64992, 14636.8
-3795.48, -2.64992, 14646.3
-3795.34, -2.64991, 14655.8
-3795.08, -2.6499, 14665.3
-3782.03, -2.64993, 14783
-3780.22, -2.64993, 14792.6
-3778.31, -2.64993, 14802.2
-3776.31, -2.64993, 14811.8
-3774.22, -2.64993, 14821.4
-3773.14, -2.64993, 14826.2
-3745.85, -2.64994, 14927.4
-3742.86, -2.64994, 14937
-3739.81, -2.64995, 14946.6
-3736.7, -2.64995, 14956.2
-3717, -2.64995, 15013.6
-3713.55, -2.64995, 15023.1
-3711.81, -2.64995, 15027.9
-3710.04, -2.64995, 15032.7
-3695.25, -2.64995, 15071.4
-3691.44, -2.64995, 15081
-3689.51, -2.64995, 15085.9
-3685.63, -2.64995, 15095.5
-3681.72, -2.64995, 15105.2
-3634.33, -2.6499, 15213.1
-3629.9, -2.64994, 15221.8
-3625.4, -2.64993, 15230.5
-3620.85, -2.64992, 15239
-3616.23, -2.64989, 15247.4
-3565.23, -2.6499, 15328.1
-3559.58, -2.6499, 15336.1
-3553.85, -2.6499, 15344
-3548.04, -2.6499, 15351.9
-3542.14, -2.6499, 15359.8
-3489.03, -2.6499, 15425.6
-3482.51, -2.6499, 15433.2
-3475.93, -2.64989, 15440.7
-3469.3, -2.6499, 15448.3
-3462.63, -2.64992, 15455.8
-3459.26, -2.64992, 15459.5
-3402.85, -2.6499, 15519.5
-3395.64, -2.6499, 15526.8
-3388.4, -2.6499, 15534.2
-3384.77, -2.6499, 15537.8
-3377.47, -2.6499, 15545.1
-3370.15, -2.6499, 15552.4
-3310.59, -2.64992, 15609.6
-3303.05, -2.64992, 15616.3
-3295.5, -2.64992, 15623
-3287.96, -2.64992, 15629.5
-3280.4, -2.64992, 15635.9
-3272.84, -2.64992, 15642.1
-3191.07, -2.64978, 15704.6
-3183.03, -2.64988, 15710.5
-3174.96, -2.6499, 15716.3
-3166.86, -2.64989, 15722
-3158.72, -2.64989, 15727.8
-3150.56, -2.64992, 15733.5
-3062.73, -2.64994, 15792.7
-3054.14, -2.64986, 15798.3
-3049.84, -2.64992, 15801.1
-3041.21, -2.64997, 15806.7
-3032.57, -2.64997, 15812.2
-3023.93, -2.64994, 15817.7
-2920.94, -2.64997, 15875.5
-2912.22, -2.64997, 15880
-2903.47, -2.64997, 15884.5
-2899.07, -2.64997, 15886.8
-2890.23, -2.64997, 15891.3
-2881.39, -2.64994, 15895.8
-2747.63, -2.64991, 15955.8
-2738.53, -2.64989, 15959.6
-2729.4, -2.6499, 15963.5
-2720.25, -2.6499, 15967.3
-2711.09, -2.6499, 15971.2
-2619.63, -2.6499, 16006.7
-2610.61, -2.6499, 16009.8
-2601.61, -2.64985, 16012.7
-2592.62, -2.6499, 16015.5
-2583.57, -2.6499, 16018.3
-2574.48, -2.6499, 16021.1
-2492.18, -2.64991, 16043
-2482.98, -2.65001, 16045.1
-2473.74, -2.64995, 16047.1
-2464.45, -2.64995, 16049.1
-2402.7, -2.64992, 16061.5
-2393.01, -2.64992, 16063.2
-2383.35, -2.64992, 16064.8
-2373.67, -2.64993, 16066.4
-2275.8, -2.64996, 16080.9
-2265.92, -2.64996, 16082.3
-2256.03, -2.64996, 16083.6
-2246.13, -2.64996, 16084.9
-2236.22, -2.64996, 16086.2
-2127.1, -2.64993, 16099.2
-2117.39, -2.64998, 16100
-2107.72, -2.65, 16100.7
-2098.02, -2.64997, 16101.3
-2088.29, -2.64997, 16101.9
-1960.07, -2.65006, 16107.5
-1950.1, -2.65006, 16107.8
-1940.13, -2.65006, 16108.1
-1870.04, -2.65006, 16109.9
-1860, -2.65006, 16110.1
-1849.95, -2.65006, 16110.3
-1839.89, -2.65006, 16110.5
-1829.83, -2.65006, 16110.7
-1749.15, -2.65006, 16111.8
-1739.05, -2.65007, 16111.9
-1728.94, -2.65007, 16112
-1526.28, -2.65007, 16112.5
-1516.13, -2.65007, 16112.5
-1511.04, -2.65006, 16112.5
-1505.94, -2.65006, 16112.5
-1500.82, -2.65006, 16112.5
-1392.03, -2.65006, 16111.8
-1381.73, -2.65003, 16111.7
-1371.52, -2.65003, 16111.8
-1361.38, -2.65002, 16111.9
-1259.86, -2.65006, 16112.5
-1249.71, -2.65007, 16112.5
-1239.55, -2.65007, 16112.6
-1229.39, -2.65006, 16112.6
-1219.23, -2.65007, 16112.6
-1209.08, -2.65007, 16112.6
-1088.14, -2.65006, 16111.7
-1083.15, -2.65007, 16111.6
-1073.14, -2.65007, 16111.3
-1063.13, -2.65007, 16111.1
-1053.11, -2.65006, 16110.8
-952.123, -2.65006, 16108.1
-941.98, -2.65007, 16107.8
-931.836, -2.65007, 16107.5
-921.691, -2.65007, 16107.2
-911.545, -2.65007, 16106.9
-793.94, -2.65007, 16103.4
-783.718, -2.65007, 16103.1
-773.5, -2.65007, 16102.8
-763.284, -2.65007, 16102.5
-660.751, -2.65001, 16099.3
-650.377, -2.65002, 16099
-640.013, -2.65006, 16098.6
-629.66, -2.65007, 16098.3
-619.317, -2.65007, 16098
-487.977, -2.65006, 16091.1
-478.057, -2.65006, 16090.3
-468.125, -2.65006, 16089.6
-458.184, -2.65006, 16088.8
-358.272, -2.65006, 16080.6
-353.212, -2.65006, 16080.2
-343.144, -2.65003, 16079.3
-333.167, -2.65003, 16078.3
-323.276, -2.65003, 16077.2
-175.727, -2.54007, 16058.4
-170.756, -2.54007, 16057.8
-165.763, -2.54007, 16057.1
-160.749, -2.54007, 16056.4
-155.715, -2.54007, 16055.8
-69.523, -2.54, 16043.8
-59.4608, -2.54, 16042.4
-49.399, -2.54001, 16040.9
-39.3376, -2.54003, 16039.4
-29.2765, -2.53997, 16037.9
65.7212, -2.54002, 16022.7
75.527, -2.54002, 16020.8
85.3405, -2.54003, 16018.8
95.1608, -2.54003, 16016.9
104.987, -2.54006, 16014.9
198.824, -2.54006, 15995.7
208.723, -2.54006, 15993.7
218.622, -2.54006, 15991.6
228.523, -2.54006, 15989.5
313.521, -2.54001, 15971.2
323.448, -2.54, 15968.9
333.27, -2.54, 15966.6
338.152, -2.54, 15965.3
343.03, -2.54, 15964.1
449.355, -2.54002, 15930.5
458.248, -2.54002, 15927.1
467.147, -2.54002, 15923.6
476.047, -2.54002, 15920
484.947, -2.54002, 15916.3
493.845, -2.54003, 15912.6
590.63, -2.54, 15862.1
598.461, -2.54002, 15857.1
606.183, -2.54002, 15852
613.823, -2.54002, 15846.9
621.456, -2.54002, 15841.6
703.234, -2.54003, 15778
710.127, -2.54003, 15771.8
716.903, -2.54002, 15765.5
723.563, -2.54002, 15759.2
730.108, -2.54002, 15752.8
806.159, -2.54002, 15670.1
812.139, -2.54002, 15662.8
817.998, -2.54002, 15655.5
823.738, -2.54002, 15648.1
829.362, -2.54002, 15640.7
891.269, -2.53999, 15551.5
893.943, -2.54004, 15547.4
899.285, -2.54006, 15539.1
904.58, -2.54003, 15530.9
909.747, -2.54003, 15522.6
956.591, -2.53998, 15439.1
961.104, -2.54008, 15430.6
965.601, -2.54007, 15422
970.083, -2.54006, 15413.4
974.523, -2.54003, 15404.8
1016.05, -2.54002, 15310
1019.35, -2.54003, 15301.3
1022.62, -2.54001, 15292.5
1025.86, -2.54005, 15283.7
1029.06, -2.54003, 15274.8
1032.13, -2.54003, 15266
1054.98, -2.54, 15185.8
1057.15, -2.54001, 15176.7
1059.29, -2.54001, 15167.4
1061.4, -2.53994, 15158.2
1063.47, -2.54004, 15148.8
1065.51, -2.54007, 15139.5
1084.34, -2.54008, 15044.1
1086.08, -2.54006, 15034.5
1087.8, -2.54006, 15024.7
1089.5, -2.54003, 15015
1091.17, -2.54013, 15005.3
1106.5, -2.5401, 14902.5
1107.49, -2.5401, 14892.9
1108.39, -2.5401, 14883.4
1109.18, -2.54011, 14873.9
1114.8, -2.55822, 14749.2
1115.01, -2.59549, 14739.4
1115.2, -2.62222, 14729.6
1115.43, -2.65341, 14719.8
1115.73, -2.65016, 14710.1
1117.44, -2.65002, 14597.9
1117.18, -2.65002, 14588.4
1117.01, -2.65002, 14583.6
1116.83, -2.65002, 14578.8
1111.41, -2.65006, 14470.4
1110.8, -2.65005, 14460.5
1110.18, -2.65006, 14450.5
1109.53, -2.65006, 14440.5
1102.55, -2.64976, 14321.7
1101.92, -2.64993, 14311.8
1101.36, -2.65, 14301.9
1101.11, -2.65, 14296.9
1096.5, -2.65006, 14210.7
1095.9, -2.65006, 14200.5
1095.28, -2.65006, 14190.3
1094.66, -2.65006, 14180.1
1087.61, -2.65003, 14072.5
1087.07, -2.65002, 14062.4
1086.52, -2.65005, 14052.3
1085.95, -2.65006, 14042.2
1085.38, -2.65006, 14032.1
1077.88, -2.65006, 13910.7
1077.21, -2.65006, 13900.5
1076.87, -2.65006, 13895.5
1076.53, -2.65006, 13890.4
1075.84, -2.65006, 13880.2
1069.03, -2.65002, 13778.6
1068.49, -2.65005, 13768.6
1068.22, -2.65005, 13763.5
1067.66, -2.65006, 13753.4
1062.04, -2.65005, 13657.2
1061.42, -2.65004, 13647.1
1060.8, -2.65005, 13637
1060.16, -2.65004, 13626.8
1059.84, -2.65004, 13621.8
1052.8, -2.65, 13505
1052.38, -2.65001, 13495.1
1051.95, -2.65003, 13485.1
1051.53, -2.65004, 13475.1
1051.09, -2.65003, 13465.1
1047.62, -2.64976, 13375.3
1047.41, -2.64975, 13365.5
1047.2, -2.64994, 13355.6
1046.98, -2.64996, 13345.7
1046.76, -2.64995, 13335.8
1045.85, -2.65001, 13202.7
1045.82, -2.65001, 13192.8
1045.78, -2.65001, 13182.9
1045.74, -2.65001, 13172.9
1045.69, -2.65001, 13162.9
1045.51, -2.64996, 13053.2
1045.68, -2.64998, 13043.4
1045.84, -2.64999, 13033.5
1045.99, -2.65, 13023.7
1047.37, -2.64999, 12924.2
1047.51, -2.64996, 12914.2
1047.73, -2.64995, 12904.3
1048.04, -2.64995, 12894.5
1051.34, -2.64994, 12826.3
1051.68, -2.64994, 12821.5
1052.41, -2.64994, 12811.9
1053.21, -2.64994, 12802.4
1054.1, -2.64994, 12792.9
1055.06, -2.64994, 12783.5
1056.09, -2.64994, 12774.1
1071.23, -2.64993, 12681.2
1073.18, -2.64993, 12671.8
1075.23, -2.64993, 12662.5
1077.39, -2.64993, 12653.3
1079.65, -2.64993, 12644.1
1100.83, -2.6499, 12571
1103.85, -2.6499, 12561.9
1106.96, -2.6499, 12553
1110.18, -2.6499, 12544.1
1113.48, -2.64992, 12535.3
1143.73, -2.64992, 12466.8
1147.94, -2.64993, 12458.4
1152.25, -2.64992, 12450.2
1156.65, -2.64992, 12442.1
1161.15, -2.64993, 12434.1
1165.75, -2.64992, 12426.2
1170.45, -2.64993, 12418.4
1224.08, -2.6499, 12346.6
1230.3, -2.6499, 12340
1236.72, -2.6499, 12333.6
1243.3, -2.6499, 12327.2
1250.02, -2.64989, 12321.1
1256.86, -2.6499, 12315.2
1341.21, -2.6499, 12262
1349.7, -2.6499, 12258.1
1354.01, -2.6499, 12256.3
1362.71, -2.6499, 12252.5
1371.44, -2.6499, 12248.8
1380.21, -2.6499, 12245.2
1485.26, -2.64993, 12210.1
1494.76, -2.64996, 12207.8
1504.32, -2.64996, 12205.6
1513.92, -2.64996, 12203.5
1523.55, -2.64997, 12201.5
1631.04, -2.64997, 12184.6
1640.93, -2.64997, 12183.5
1650.85, -2.64997, 12182.4
1660.78, -2.64997, 12181.4
1670.74, -2.64997, 12180.5
1765.74, -2.64992, 12173.6
1775.58, -2.64991, 12172.9
1785.44, -2.64989, 12172.2
1795.32, -2.64991, 12171.5
1805.22, -2.64991, 12170.9
1884.62, -2.64994, 12166.7
1894.4, -2.64994, 12166
1904.12, -2.64994, 12165.3
1913.78, -2.64994, 12164.6
2035.87, -2.64995, 12147.9
2044.88, -2.64992, 12145.9
2053.81, -2.64993, 12143.8
2062.67, -2.64993, 12141.5
2071.45, -2.64994, 12139.1
2139.31, -2.64995, 12113.8
2147.6, -2.64995, 12109.7
2155.81, -2.64995, 12105.4
2163.88, -2.64995, 12100.9
2225.5, -2.64996, 12058
2229.25, -2.64996, 12054.8
2236.71, -2.64996, 12048.4
2244.08, -2.64997, 12042
2251.28, -2.64997, 12035.4
2323.11, -2.64997, 11957.9
2329.27, -2.64997, 11950.3
2335.35, -2.64997, 11942.7
2341.28, -2.64998, 11935.1
2347.06, -2.64997, 11927.4
2352.7, -2.64998, 11919.7
2391.02, -2.65002, 11860.6
2393.43, -2.65004, 11856.6
2398.23, -2.65004, 11848.3
2402.99, -2.65005, 11840
2407.7, -2.65005, 11831.7
2412.38, -2.65005, 11823.2
2457.05, -2.65005, 11736.3
2461.32, -2.65005, 11727.4
2465.56, -2.64998, 11718.5
2469.77, -2.64998, 11709.5
2473.96, -2.65007, 11700.5
2520.07, -2.65003, 11595.2
2523.99, -2.65003, 11586
2527.96, -2.65003, 11576.9
2529.95, -2.65002, 11572.3
2581.6, -2.65002, 11454.7
2585.13, -2.65002, 11445.6
2588.58, -2.65002, 11436.5
2633.24, -2.65001, 11323.8
2636.91, -2.65001, 11314.9
2640.62, -2.65, 11306
2644.38, -2.64999, 11297.1
2648.19, -2.65, 11288.4
2680.71, -2.65003, 11220.2
2685.04, -2.65003, 11212
2689.42, -2.65002, 11203.9
2693.88, -2.65003, 11195.8
2696.15, -2.65003, 11191.8
2700.74, -2.65003, 11183.8
2734.95, -2.65001, 11127.9
2740.15, -2.65001, 11120.3
2745.44, -2.65, 11112.8
2750.81, -2.65, 11105.3
2756.28, -2.64998, 11098.1
2845.27, -2.65003, 11008.3
2852.58, -2.65003, 11003
2860.01, -2.65003, 10997.9
2867.55, -2.65003, 10993
2875.19, -2.65003, 10988.4
2958.51, -2.65003, 10957.7
2967.41, -2.65003, 10956.5
2976.36, -2.65003, 10955.6
2985.32, -2.65003, 10955.2
3088.28, -2.64994, 10980
3096.12, -2.64994, 10984.3
3099.99, -2.64995, 10986.6
3107.65, -2.6499, 10991.5
3115.18, -2.64993, 10996.6
3289.18, -2.64995, 11147.9
3295.6, -2.64995, 11152.2
3302.16, -2.64995, 11156.4
3305.52, -2.64995, 11158.4
3308.99, -2.64995, 11160.4
3372.7, -2.64995, 11185.9
3380.76, -2.64994, 11187.5
3388.86, -2.64994, 11188.9
3397.01, -2.64994, 11190
3405.18, -2.64995, 11190.7
3498.81, -2.64996, 11174.7
3506.57, -2.64996, 11171.4
3514.22, -2.64996, 11167.8
3576.39, -2.64996, 11127.5
3583.38, -2.64997, 11121.7
3590.23, -2.64998, 11115.8
3596.93, -2.64998, 11109.7
3603.49, -2.64997, 11103.6
3646.62, -2.64997, 11057.4
3652.6, -2.65, 11050.2
3658.54, -2.65, 11042.9
3664.43, -2.65, 11035.6
3670.27, -2.65001, 11028.1
3719.71, -2.65, 10954.8
3724.22, -2.65, 10946.9
3728.6, -2.65, 10938.9
3730.75, -2.65, 10935
3734.96, -2.65, 10926.9
3768.99, -2.65, 10847.5
3772, -2.65, 10838.7
3774.87, -2.65, 10830
3777.59, -2.65, 10821.3
3780.18, -2.65, 10812.5
3797.62, -2.65001, 10733
3798.33, -2.65, 10728.4
3799.01, -2.65, 10723.9
3799.66, -2.65, 10719.2
3805.95, -2.65005, 10629.7
3806.17, -2.65005, 10620.1
3806.34, -2.65005, 10610.4
3806.41, -2.65005, 10605.6
3804.98, -2.65, 10501.7
3804.61, -2.65002, 10491.8
3804.21, -2.6501, 10481.8
3803.77, -2.65006, 10471.8
3803.3, -2.65006, 10461.8
3798.35, -2.65006, 10381.4
3797.97, -2.65006, 10376.3
3797.59, -2.65006, 10371.2
3797.19, -2.65006, 10366.1
3796.79, -2.65006, 10361
3791.44, -2.65002, 10250.8
3791.28, -2.65005, 10245.8
3791.13, -2.65006, 10240.8
3790.97, -2.65007, 10235.8
3790.8, -2.65007, 10230.7
3790.08, -2.65004, 10150.4
3790.14, -2.65003, 10140.4
3790.28, -2.65002, 10130.6
3790.5, -2.65003, 10120.8
3797.25, -2.65, 10026
3798.44, -2.65003, 10016.9
3799.73, -2.65003, 10007.7
3800.43, -2.65003, 10003.2
3801.92, -2.65003, 9994.11
3803.53, -2.65003, 9985.09
3820.93, -2.65003, 9919.17
3822.53, -2.65003, 9914.88
3824.22, -2.65003, 9910.59
3826.03, -2.65003, 9906.28
3867.67, -2.65003, 9836.86
3873.87, -2.65003, 9829.58
3880.34, -2.65003, 9822.57
3883.72, -2.65003, 9819.18
3887.24, -2.65003, 9815.88
3890.92, -2.64996, 9812.69
3894.73, -2.65, 9809.6
3898.66, -2.65, 9806.6
3964.02, -2.65003, 9770.71
3973.27, -2.65003, 9767.16
3977.96, -2.65003, 9765.51
3982.75, -2.65003, 9764
3992.42, -2.64999, 9761.19
4002.16, -2.65002, 9758.61
4011.96, -2.65003, 9756.26
4087.14, -2.65003, 9744.17
4097.24, -2.65003, 9743.08
4102.31, -2.65003, 9742.59
4112.5, -2.65003, 9741.72
4122.7, -2.65003, 9740.96
4189.25, -2.65007, 9738.14
4199.53, -2.65007, 9737.99
4209.8, -2.65007, 9737.9
4220.06, -2.65004, 9737.85
4315.6, -2.64991, 9736.66
4325.69, -2.64997, 9736.63
4335.76, -2.64994, 9736.62
4345.76, -2.64993, 9736.55
4409.7, -2.64993, 9734.72
4419.52, -2.64993, 9734.22
4429.26, -2.64993, 9733.64
4438.95, -2.64993, 9732.99
4448.57, -2.64992, 9732.26
4558.81, -2.64992, 9715.08
4567.53, -2.64992, 9712.72
4576.19, -2.64992, 9710.18
4661.76, -2.6499, 9672.25
4670.14, -2.64991, 9667.2
4674.32, -2.64991, 9664.59
4678.5, -2.6499, 9661.92
4755.29, -2.64991, 9605.27
4759.27, -2.64992, 9602.03
4763.26, -2.64995, 9598.75
4771.19, -2.64993, 9592.09
4815.77, -2.64992, 9550.93
4822.65, -2.64992, 9543.88
4829.38, -2.64992, 9536.79
4835.96, -2.64992, 9529.65
4883.43, -2.64992, 9469.9
4886.17, -2.64992, 9465.88
4891.6, -2.64992, 9457.75
4894.29, -2.64981, 9453.64
4899.61, -2.64988, 9445.33
4904.86, -2.64996, 9436.95
4948.93, -2.64995, 9358.05
4953.51, -2.64995, 9348.93
4958, -2.64993, 9339.8
4962.34, -2.64993, 9330.7
4991.7, -2.64993, 9258.57
4994.74, -2.64994, 9249.54
4997.63, -2.64994, 9240.53
5000.38, -2.64994, 9231.54
5002.99, -2.64994, 9222.55
5022.03, -2.64996, 9134.87
5022.8, -2.64996, 9130.04
5023.54, -2.64996, 9125.18
5024.25, -2.64996, 9120.28
5024.94, -2.64996, 9115.34
5033.48, -2.64998, 9034.86
5033.88, -2.64998, 9029.79
5034.25, -2.64998, 9024.7
5034.91, -2.64996, 9014.56
5035.18, -2.64996, 9009.51
5035.43, -2.64996, 9004.47
5036.68, -2.65, 8928.74
5036.65, -2.65, 8923.65
5036.62, -2.65, 8918.54
5036.57, -2.65, 8913.42
5035.39, -2.65, 8861.59
5035.21, -2.65, 8856.36
5035.02, -2.65, 8851.12
5034.82, -2.65, 8845.87
5034.39, -2.65, 8835.36
5029.13, -2.6498, 8741.53
5028.41, -2.64975, 8731.17
5028.04, -2.64974, 8725.99
5027.27, -2.64988, 8715.62
5021.62, -2.64997, 8647.97
5021.14, -2.64997, 8642.75
5020.16, -2.64999, 8632.32
5019.17, -2.65002, 8621.9
5018.16, -2.65003, 8611.49
5017.13, -2.65002, 8601.1
5011.96, -2.65003, 8549.29
5011.43, -2.65003, 8544.09
5010.37, -2.65003, 8533.71
5009.28, -2.65003, 8523.34
5008.18, -2.65003, 8512.99
5000.18, -2.65001, 8435.68
4999.24, -2.65004, 8425.48
4998.27, -2.65004, 8415.28
4997.3, -2.65005, 8405.09
4987.85, -2.65005, 8313.07
4986.73, -2.65005, 8302.8
4986.17, -2.65005, 8297.66
4985.6, -2.65006, 8292.51
4977.39, -2.65006, 8220.54
4976.19, -2.65002, 8210.29
4974.97, -2.65002, 8200.06
4973.76, -2.64999, 8189.83
4963.7, -2.65006, 8107.82
4962.44, -2.65003, 8097.55
4961.26, -2.65002, 8087.37
4960.15, -2.65002, 8077.25
4959.04, -2.65006, 8067.13
4950.36, -2.65006, 7990.81
4949.17, -2.65006, 7980.61
4947.98, -2.65006, 7970.42
4946.8, -2.65003, 7960.26
4945.72, -2.65002, 7950.17
4938.5, -2.65006, 7874.77
4937.54, -2.64991, 7864.69
4936.67, -2.64982, 7854.68
4936.27, -2.6498, 7849.69
4935.53, -2.64993, 7839.74
4930.58, -2.65003, 7760.01
4930.27, -2.65005, 7754.96
4929.64, -2.65006, 7744.85
4929.33, -2.65006, 7739.78
4928.38, -2.65006, 7724.58
4922.63, -2.65006, 7633.3
4922.3, -2.65006, 7628.19
4921.97, -2.65006, 7623.07
4921.64, -2.65006, 7617.93
4921.31, -2.65006, 7612.77
4915.64, -2.65007, 7524.79
4914.97, -2.65006, 7514.4
4914.97, -2.65006, 7514.4
4914.29, -2.65006, 7503.95
4913.61, -2.65006, 7493.52
4907.47, -2.65006, 7400.07
4907.13, -2.65006, 7394.87
4906.44, -2.65006, 7384.47
4905.76, -2.65006, 7374.08
4905.07, -2.65006, 7363.71
4898.88, -2.62052, 7270.8
4898.19, -2.61, 7260.53
4897.51, -2.59478, 7250.26
4896.82, -2.57547, 7240.01
4896.14, -2.60577, 7229.72
4895.45, -2.59452, 7219.47
4887.85, -2.58082, 7106.08
4887.16, -2.5796, 7095.78
4886.46, -2.57839, 7085.5
4885.79, -2.57715, 7075.24
4882.38, -2.56822, 6999.4
4882.16, -2.56762, 6994.31
4881.73, -2.56642, 6984.11
4881.3, -2.56521, 6973.91
4881.08, -2.56461, 6968.8
4880.71, -2.56337, 6958.62
4879.46, -2.55144, 6878.63
4879.39, -2.5506, 6873.61
4879.33, -2.5496, 6868.58
4879.2, -2.54729, 6858.47
4879.07, -2.54495, 6848.37
4878.94, -2.54267, 6838.26
4878.05, -2.52619, 6767.42
4877.92, -2.52384, 6757.3
4877.79, -2.52148, 6747.16
4877.66, -2.51913, 6737.03
4877.53, -2.51677, 6726.9
4876.29, -2.49421, 6629.81
4876.16, -2.49183, 6619.59
4876.09, -2.49063, 6614.47
4875.96, -2.48825, 6604.21
4875.83, -2.48587, 6593.96
4875.69, -2.48349, 6583.71
4874.96, -2.47039, 6527.38
4874.89, -2.4692, 6522.24
4874.76, -2.4668, 6511.95
4874.62, -2.46441, 6501.67
4874.49, -2.46202, 6491.39
4874.35, -2.45963, 6481.12
4873.61, -2.4465, 6424.67
4873.48, -2.44411, 6414.39
4873.41, -2.44292, 6409.25
4873.27, -2.44052, 6398.94
4873.13, -2.43813, 6388.65
4873, -2.43574, 6378.36
4871.76, -2.41425, 6286.01
4871.62, -2.41187, 6275.77
4871.48, -2.40949, 6265.53
4871.36, -2.40708, 6255.32
4871.34, -2.40591, 6250.24
4871, -2.39188, 6189.15
4870.94, -2.38953, 6178.97
4870.88, -2.38719, 6168.79
4870.85, -2.38602, 6163.69
4870.78, -2.38366, 6153.48
4870.72, -2.38131, 6143.27
4870.65, -2.37895, 6133.06
4871.16, -2.36067, 6052.39
4871.25, -2.35954, 6047.34
4871.34, -2.35841, 6042.28
4871.43, -2.35728, 6037.19
4871.52, -2.35613, 6032.09
4871.61, -2.35499, 6026.96
4872.92, -2.33777, 5949.92
4873, -2.33663, 5944.78
4873.08, -2.33547, 5939.63
4873.25, -2.33317, 5929.31
4873.42, -2.33086, 5919
4873.58, -2.32856, 5908.69
4873.75, -2.32625, 5898.4
4874.8, -2.34928, 5831.15
4874.88, -2.39688, 5825.94
4875.04, -2.42912, 5815.56
4875.2, -2.47012, 5805.18
4875.36, -2.46706, 5794.85
4875.52, -2.46709, 5784.52
4877.21, -2.46867, 5671.35
4877.36, -2.46881, 5661.1
4877.51, -2.46867, 5650.85
4877.65, -2.46878, 5640.61
4877.73, -2.46901, 5635.47
4884.67, -2.598, 5179.92
4884.72, -2.598, 5176.65
4884.77, -2.598, 5173.4
4884.87, -2.59799, 5166.97
4884.97, -2.59799, 5160.61
4885.07, -2.59799, 5154.33
4885.17, -2.598, 5148.13
4885.27, -2.59797, 5142
4885.37, -2.59796, 5135.96
4885.47, -2.59796, 5129.99
4885.56, -2.59796, 5124.09
4885.66, -2.59797, 5118.28
4885.75, -2.59796, 5112.54
4885.8, -2.59792, 5109.71